4.7969064282742337E-07, 1.7950667458073733E-06, 4.1052355593508207E-06, 6.1639041375813700E-06,
3.8545500772485571E-06, -1.1299491560555325E-05, -5.2626093028021180E-05, -1.3660260482165561E-04,
-2.7806845160530867E-04, -4.8248035277761249E-04, -7.3695474315983538E-04, -1.0035334085015772E-03,
-1.2190364939009067E-03, -1.3051583675631278E-03, -1.1896555253091015E-03, -8.3493851790612317E-04,
-2.6549006376786437E-04, 4.1758792466101618E-04, 1.0457952359800673E-03, 1.4212550970061333E-03,
1.3783917817635125E-03, 8.5260318332149021E-04, -6.9008654768086891E-05, -1.1401928508024545E-03,
-2.0066678577183115E-03, -2.3117166491940836E-03, -1.8290640395913736E-03, -5.7769084675857901E-04,
1.1310235308988556E-03, 2.7484751097862944E-03, 3.6482159416762710E-03, 3.3501638026706086E-03,
1.7355017387161392E-03, -8.3438392245305595E-04, -3.5618280461393258E-03, -5.4357136100341447E-03,
-5.5814535740627983E-03, -3.6256569044703759E-03, 6.4762282839902094E-05, 4.3865855007690219E-03,
7.7913717732794111E-03, 8.8030537715051514E-03, 6.6018796661543849E-03, 1.4600280586046374E-03,
-5.1660231434950150E-03, -1.0982535680024549E-02, -1.3588711897177802E-02, -1.1377924562576653E-02,
-4.2975885755002236E-03, 5.8428254859176744E-03, 1.5707806864274292E-02, 2.1400870144875590E-02,
1.9812172221719649E-02, 9.9278832437811639E-03, -6.3661920554524028E-03, -2.4341398973325885E-02,
-3.7447797278025531E-02, -3.9090569228875896E-02, -2.4675911489618483E-02, 6.6973543412128444E-03,
5.1467354121370296E-02, 1.0207954790348440E-01, 1.4865003631812831E-01, 1.8140080614725240E-01,
1.9318915948661283E-01, 1.8140080614725240E-01, 1.4865003631812831E-01, 1.0207954790348440E-01,
5.1467354121370296E-02, 6.6973543412128444E-03, -2.4675911489618483E-02, -3.9090569228875896E-02,
-3.7447797278025531E-02, -2.4341398973325885E-02, -6.3661920554524028E-03, 9.9278832437811639E-03,
1.9812172221719649E-02, 2.1400870144875590E-02, 1.5707806864274292E-02, 5.8428254859176744E-03,
-4.2975885755002236E-03, -1.1377924562576653E-02, -1.3588711897177802E-02, -1.0982535680024549E-02,
-5.1660231434950150E-03, 1.4600280586046374E-03, 6.6018796661543849E-03, 8.8030537715051514E-03,
7.7913717732794111E-03, 4.3865855007690219E-03, 6.4762282839902094E-05, -3.6256569044703759E-03,
-5.5814535740627983E-03, -5.4357136100341447E-03, -3.5618280461393258E-03, -8.3438392245305595E-04,
1.7355017387161392E-03, 3.3501638026706086E-03, 3.6482159416762710E-03, 2.7484751097862944E-03,
1.1310235308988556E-03, -5.7769084675857901E-04, -1.8290640395913736E-03, -2.3117166491940836E-03,
-2.0066678577183115E-03, -1.1401928508024545E-03, -6.9008654768086891E-05, 8.5260318332149021E-04,
1.3783917817635125E-03, 1.4212550970061333E-03, 1.0457952359800673E-03, 4.1758792466101618E-04,
-2.6549006376786437E-04, -8.3493851790612317E-04, -1.1896555253091015E-03, -1.3051583675631278E-03,
-1.2190364939009067E-03, -1.0035334085015772E-03, -7.3695474315983538E-04, -4.8248035277761249E-04,
-2.7806845160530867E-04, -1.3660260482165561E-04, -5.2626093028021180E-05, -1.1299491560555325E-05,
3.8545500772485571E-06, 6.1639041375813700E-06, 4.1052355593508207E-06, 1.7950667458073733E-06

{      4,      15,      34m,      51,      32,     -94,    -441,   -1145,   -2332,
   -4047,   -6182,   -8418m,  -10226,  -10948,   -9979,   -7003,   -2227,    3502,
    8772,   11922,   11562m,    7152,    -578,   -9564,  -16833,  -19392,  -15343,
   -4846,    9487,   23055m,   30603,   28103,   14558,   -6999,  -29878,  -45598,
  -46820,  -30414,     543m,   36797,   65358,   73845,   55380,   12247,  -43335,
  -92128, -113990,  -95444m,  -36050,   49013,  131766,  179523,  166196,   83281,
  -53403, -204190, -314134m, -327915, -206996,   56181,  431739,  856305, 1246966,
 1521700, 1620588, 1521700m, 1246966,  856305,  431739,   56181, -206996, -327915,
 -314134, -204190,  -53403m,   83281,  166196,  179523,  131766,   49013,  -36050,
  -95444, -113990,  -92128m,  -43335,   12247,   55380,   73845,   65358,   36797,
     543,  -30414,  -46820m,  -45598,  -29878,   -6999,   14558,   28103,   30603,
   23055,    9487,   -4846m,  -15343,  -19392,  -16833,   -9564,    -578,    7152,
   11562,   11922,    8772m,    3502,   -2227,   -7003,   -9979,  -10948,  -10226,
   -8418,   -6182,   -4047m,   -2332,   -1145,    -441,     -94,      32,      51,
      34,      15};
	  